	Inversa de la Matriz 1
	Matriz Inversa de la Matriz 1
0.03	0.01	-0.02	0.03	0.01	-0.02	0.03	0.01	-0.02	0.03	
-0.07	-0.01	0.04	-0.07	-0.01	0.04	-0.07	-0.01	0.04	-0.07	
0.09	0.01	-0.05	0.09	0.01	-0.05	0.09	0.01	-0.05	0.09	
0.03	0.01	-0.02	0.03	0.01	-0.02	0.03	0.01	-0.02	0.03	
-0.07	-0.01	0.04	-0.07	-0.01	0.04	-0.07	-0.01	0.04	-0.07	
0.09	0.01	-0.05	0.09	0.01	-0.05	0.09	0.01	-0.05	0.09	
0.03	0.01	-0.02	0.03	0.01	-0.02	0.03	0.01	-0.02	0.03	
-0.07	-0.01	0.04	-0.07	-0.01	0.04	-0.07	-0.01	0.04	-0.07	
0.09	0.01	-0.05	0.09	0.01	-0.05	0.09	0.01	-0.05	0.09	
0.03	0.01	-0.02	0.03	0.01	-0.02	0.03	0.01	-0.02	0.03	
	Matriz Inversa de la Matriz 2
-0.00	-0.44	0.44	-0.00	-0.44	0.44	-0.00	-0.44	0.44	-0.00	
-0.33	-0.44	0.78	-0.33	-0.44	0.78	-0.33	-0.44	0.78	-0.33	
0.22	0.59	-0.59	0.22	0.59	-0.59	0.22	0.59	-0.59	0.22	
-0.00	-0.44	0.44	-0.00	-0.44	0.44	-0.00	-0.44	0.44	-0.00	
-0.33	-0.44	0.78	-0.33	-0.44	0.78	-0.33	-0.44	0.78	-0.33	
0.22	0.59	-0.59	0.22	0.59	-0.59	0.22	0.59	-0.59	0.22	
-0.00	-0.44	0.44	-0.00	-0.44	0.44	-0.00	-0.44	0.44	-0.00	
-0.33	-0.44	0.78	-0.33	-0.44	0.78	-0.33	-0.44	0.78	-0.33	
0.22	0.59	-0.59	0.22	0.59	-0.59	0.22	0.59	-0.59	0.22	
-0.00	-0.44	0.44	-0.00	-0.44	0.44	-0.00	-0.44	0.44	-0.00	
