	Matriz Inversa de la Matriz 1
-0.02	0.24	-0.14	-0.02	0.24	-0.14	-0.02	0.24	-0.14	-0.02	
0.01	-0.27	0.23	0.01	-0.27	0.23	0.01	-0.27	0.23	0.01	
0.12	-0.32	0.17	0.12	-0.32	0.17	0.12	-0.32	0.17	0.12	
-0.02	0.24	-0.14	-0.02	0.24	-0.14	-0.02	0.24	-0.14	-0.02	
0.01	-0.27	0.23	0.01	-0.27	0.23	0.01	-0.27	0.23	0.01	
0.12	-0.32	0.17	0.12	-0.32	0.17	0.12	-0.32	0.17	0.12	
-0.02	0.24	-0.14	-0.02	0.24	-0.14	-0.02	0.24	-0.14	-0.02	
0.01	-0.27	0.23	0.01	-0.27	0.23	0.01	-0.27	0.23	0.01	
0.12	-0.32	0.17	0.12	-0.32	0.17	0.12	-0.32	0.17	0.12	
-0.02	0.24	-0.14	-0.02	0.24	-0.14	-0.02	0.24	-0.14	-0.02	
	Matriz Inversa de la Matriz 2
0.08	-0.07	-0.04	0.08	-0.07	-0.04	0.08	-0.07	-0.04	0.08	
0.04	-0.10	0.04	0.04	-0.10	0.04	0.04	-0.10	0.04	0.04	
-0.09	0.09	-0.02	-0.09	0.09	-0.02	-0.09	0.09	-0.02	-0.09	
0.08	-0.07	-0.04	0.08	-0.07	-0.04	0.08	-0.07	-0.04	0.08	
0.04	-0.10	0.04	0.04	-0.10	0.04	0.04	-0.10	0.04	0.04	
-0.09	0.09	-0.02	-0.09	0.09	-0.02	-0.09	0.09	-0.02	-0.09	
0.08	-0.07	-0.04	0.08	-0.07	-0.04	0.08	-0.07	-0.04	0.08	
0.04	-0.10	0.04	0.04	-0.10	0.04	0.04	-0.10	0.04	0.04	
-0.09	0.09	-0.02	-0.09	0.09	-0.02	-0.09	0.09	-0.02	-0.09	
0.08	-0.07	-0.04	0.08	-0.07	-0.04	0.08	-0.07	-0.04	0.08	
