				Matriz 1 - Matriz 2
	7 	-4 	-1 	-4 	6 	1 	-3 	-2 	-3 	3 
	5 	-1 	-4 	-2 	0 	-7 	1 	-1 	0 	-7 
	4 	6 	-4 	0 	-5 	-6 	-7 	6 	-1 	-1 
	-1 	-4 	-5 	-3 	2 	1 	-4 	0 	0 	-4 
	3 	3 	3 	-1 	-6 	-5 	-1 	-5 	5 	0 
	-2 	-1 	-2 	-8 	0 	1 	-1 	4 	9 	-3 
	3 	-3 	1 	-2 	3 	4 	0 	-1 	4 	3 
	-5 	-2 	-2 	-2 	-5 	-1 	-6 	5 	4 	9 
	5 	2 	0 	1 	-4 	3 	1 	2 	6 	-2 
	0 	-1 	8 	3 	-4 	-1 	-3 	-4 	0 	1 

				Matriz 2 - Matriz 1
	-7 	4 	1 	4 	-6 	-1 	3 	2 	3 	-3 
	-5 	1 	4 	2 	0 	7 	-1 	1 	0 	7 
	-4 	-6 	4 	0 	5 	6 	7 	-6 	1 	1 
	1 	4 	5 	3 	-2 	-1 	4 	0 	0 	4 
	-3 	-3 	-3 	1 	6 	5 	1 	5 	-5 	0 
	2 	1 	2 	8 	0 	-1 	1 	-4 	-9 	3 
	-3 	3 	-1 	2 	-3 	-4 	0 	1 	-4 	-3 
	5 	2 	2 	2 	5 	1 	6 	-5 	-4 	-9 
	-5 	-2 	0 	-1 	4 	-3 	-1 	-2 	-6 	2 
	0 	1 	-8 	-3 	4 	1 	3 	4 	0 	-1 

